100 1.1666563145999495621
600 0.89119579587496144946
1100 0.78660918181360228729
1600 0.89929757583746106064
2100 0.81943717334996457602
2600 0.90864578348649915895
3100 1.0474817448289870381
3600 0.89659698251662789392
4100 0.91056102602922894818
4600 0.86653820468474518357
5100 0.96268208966172308383
5600 0.99131064826870718409
6100 0.88296119984750276455
6600 1.011985969861319834
7100 0.93387277764925535894
7600 0.90953140315851332964
8100 0.97941517768884656103
8600 0.93038580127495973393
9100 0.9081116001922684422
9600 0.94284464313589677609
10100 0.98280206040144268975
10600 0.99697752670608896786
11100 0.97308946360401205045
11600 0.95293694662366557058
12100 0.92480813919045590232
12600 0.91974492526662687819
13100 0.96776070880301157118
13600 0.90001243877532877136
14100 0.95635479216910768141
14600 0.93625501046091841317
15100 0.92585639094631755341
15600 0.89555829277784582132
16100 0.94322834544778533239
16600 0.95522914112074186477
17100 0.92957264832890718065
17600 0.98270908317865068859
18100 0.90346036885686709095
18600 0.96855472712979684413
19100 0.94269087898739378772
19600 0.93897976340888800184
20100 0.93593696880219823253
20600 0.92643460580894054779
21100 0.95839065338384488157
21600 0.94295716785759808864
22100 0.9528573067207732894
22600 0.93951968697872034753
23100 0.93138904192268701099
23600 0.94584848104572183392
24100 0.94881592390701297024
24600 0.94968669511642234138
25100 0.94510006893223008628
25600 0.93651512754019383689
26100 0.9662536654126018254
26600 0.95247692852364307381
27100 0.94387231356471923416
27600 0.94649925040158955358
28100 0.94038311479319780517
28600 0.93448083008020432771
29100 0.91942674048655825825
29600 0.94626600291735774029
30100 0.9499269715499588651
30600 0.94711396345927278961
31100 0.9296987887514066573
31600 0.96052241935154070163
32100 0.94071508648687518495
32600 0.92747984110578818306
33100 0.94842226582156019532
33600 0.93170469568745972744
34100 0.95482209129893225175
34600 0.94748677573001693908
35100 0.92900410236662656072
35600 0.91814104159293785656
36100 0.94609040470674576895
36600 0.95441624279545056453
37100 0.93500218564524262277
37600 0.93756555778799144374
38100 0.91709597433775558173
38600 0.9341814056241823927
39100 0.94859203755302801131
39600 0.93514181445942923254
40100 0.95063578752003374817
40600 0.96934005777926846026
41100 0.93838718572952151131
41600 0.91939622228289286099
42100 0.95443201667489940832
42600 0.94003469480383261558
43100 0.94085914311608465077
43600 0.92382590049457025128
44100 0.95678163366662527523
44600 0.92883455839132755827
45100 0.93621366857124554972
45600 0.92786701044206520983
46100 0.9779076881417146927
46600 0.94237957314877895953
47100 0.96684681132097727296
47600 0.94464031075363563694
48100 0.93765049262459565504
48600 0.93120458581323140024
49100 0.93716638441981692242
49600 0.94359601789048341836
50100 0.92952158132630713361
50600 0.95319202515321965752
51100 0.96079817167804060229
51600 0.93434248451245960343
52100 0.95336646053921014765
52600 0.93949842317990239771
53100 0.93028573987481855134
53600 0.92922579286311290936
54100 0.94166344554894265695
54600 0.93980647564995933863
55100 0.93868898875858008957
55600 0.94528537720733318839
56100 0.95644328584033289076
56600 0.94455875647601927891
57100 0.94207667669023942292
57600 0.94200070772313637679
58100 0.94008536652646534915
58600 0.9234370089680488114
59100 0.93997097879640612028
59600 0.95443317907219027418
60100 0.95037518694879419279
60600 0.94911149026035501741
61100 0.94484522587213592981
61600 0.95090696637779970057
62100 0.95029573666421007783
62600 0.9304363659169725409
63100 0.96173649177666209464
63600 0.95356421520892098442
64100 0.93899756158194069844
64600 0.95490638753053147525
65100 0.95011104371286214665
65600 0.95502201362831240505
66100 0.9433854767831664212
66600 0.940390387719328813
67100 0.9658384243819253534
67600 0.94258696818146803231
68100 0.95294063876097201415
68600 0.94372745370761224049
69100 0.92887903871066901385
69600 0.93393966947021833658
70100 0.95903809028276887361
70600 0.93902613423714065277
71100 0.92599584651557187431
71600 0.94600727930840888824
72100 0.95603250930578398403
72600 0.95855439622433868951
73100 0.91834950436760731662
73600 0.95253155396062461069
74100 0.94689143302607248209
74600 0.93520171063105872467
75100 0.95124174430541830194
75600 0.93440528900829289416
76100 0.93976389073557042853
76600 0.96383682039512807993
77100 0.95884723478361610915
77600 0.93738429401168621435
78100 0.92266929191366042762
78600 0.94376459715835603337
79100 0.94824625654641925276
79600 0.94473268356685613512
80100 0.93737897603572728489
80600 0.93759507168997191506
81100 0.9489571913659269331
81600 0.93754274301337858777
82100 0.94781944194660938674
82600 0.92007187361055342567
83100 0.94074242134959829009
83600 0.93697666733769879865
84100 0.94839956450435858315
84600 0.93727826062620056558
85100 0.95210671032863103402
85600 0.95006620635013416809
86100 0.93190230007678898083
86600 0.94751532863968190856
87100 0.95279164766792667773
87600 0.94491170685920566896
88100 0.94727372347010663223
88600 0.96025295420091782983
89100 0.94264346257285480668
89600 0.94432755821831859677
90100 0.94825894309141300909
90600 0.94763998475277355649
91100 0.94329264221999209461
91600 0.94780211875705511204
92100 0.93357839724230484713
92600 0.94659587224920305193
93100 0.94955297786048520337
93600 0.94032582051935031942
94100 0.9417350608907669729
94600 0.94323217542268644742
95100 0.94450908610137873644
95600 0.93936579305785694594
96100 0.94034603227597401975
96600 0.95470167359343705016
97100 0.9561935980457876294
97600 0.94223036883546129605
98100 0.94753661432977553947
98600 0.94943658327272761888
99100 0.93503206646923309187
99600 0.93521872073143541559
