9.6598504809 0.93884086823867
9.5977898809 0.94844399824066
9.5359292809 0.94749946927951
9.4742686809 0.9454941172791
9.4128080809 0.93957708982736
9.3515474809 0.94373946867747
9.2904868809 0.94351397616356
9.2296262809 0.94524294593209
9.1689656809 0.94691576172927
9.1085050809 0.94582716760066
9.0482444809 0.93792292640113
8.9881838809 0.94353460289748
8.9283232809 0.94508980425311
8.8686626809 0.94056602062285
8.8092020809 0.94587926423456
8.7499414809 0.94026871153752
8.6908808809 0.9430301026247
8.6320202809 0.94520622075855
8.5733596809 0.94390975414773
8.5148990809 0.94245457497126
8.4566384809 0.94486021747096
8.3985778809 0.94772912239228
8.3407172809 0.94706342509435
8.2830566809 0.94431815996269
8.2255960809 0.9446932586992
8.1683354809 0.94957716799011
8.1112748809 0.94526364079545
8.0544142809 0.94535465856352
7.9977536809 0.94675808523758
7.9412930809 0.94653066360555
7.8850324809 0.94581753111644
7.8289718809 0.9380439238538
7.7731112809 0.94144037278621
7.7174506809 0.94294899399509
7.6619900809 0.94468506702457
7.6067294809 0.94444392561907
7.5516688809 0.94563508060406
7.4968082809 0.94713926140063
7.4421476809 0.94076933049025
7.3876870809 0.94792151703736
7.3334264809 0.94530800709394
7.2793658809 0.94255413235658
7.2255052809 0.94284895859936
7.1718446809 0.94351354252985
7.1183840809 0.94435330570852
7.0651234809 0.94472005137203
7.0120628809 0.93952526922315
6.9592022809 0.93700091350494
6.9065416809 0.94440050944627
6.8540810809 0.9434231362994
6.8018204809 0.94549385776799
6.7497598809 0.94269171424614
6.6978992809 0.94528792131198
6.6462386809 0.94518154152684
6.5947780809 0.94432605773832
6.5435174809 0.93947897880274
6.4924568809 0.94784676495636
6.4415962809 0.94659257347826
6.3909356809 0.94491901322811
6.3404750809 0.94315834923404
6.2902144809 0.94246912588773
6.2401538809 0.94341142432999
6.1902932809 0.9436483077404
6.1406326809 0.9446933535277
6.0911720809 0.94577019782927
6.0419114809 0.94484015929463
5.9928508809 0.94636104685733
5.9439902809 0.94271091456046
5.8953296809 0.94604123988307
5.8468690809 0.94256791766281
5.7986084809 0.94269717656536
5.7505478809 0.94048485427756
5.7026872809 0.94377763692711
5.6550266809 0.94208785985118
5.6075660809 0.94015892155762
5.5603054809 0.94485158975838
5.5132448809 0.94362494083533
5.4663842809 0.94739545887563
5.4197236809 0.94425677802849
5.3732630809 0.94187391218789
5.3270024809 0.94354531442942
5.2809418809 0.9392366372856
5.2350812809 0.94609435924682
5.1894206809 0.94179682285246
5.1439600809 0.9471110740554
5.0986994809 0.94572207581578
5.0536388809 0.94264009953764
5.0087782809 0.94589275201313
4.9641176809 0.94614097350882
4.9196570809 0.94990214815142
4.8753964809 0.94336971746823
4.8313358809 0.9442362845631
4.7874752809 0.94121285274967
4.7438146809 0.94376769932102
4.7003540809 0.94778879758085
4.6570934809 0.94577185828814
4.6140328809 0.94774080986839
4.5711722809 0.94536871058522
4.5285116809 0.94246479400556
4.4860510809 0.9433402794449
4.4437904809 0.94340783151412
4.4017298809 0.94723906518005
4.3598692809 0.94481855212529
4.3182086809 0.94317018545614
4.2767480809 0.94096155926347
4.2354874809 0.94564458339811
4.1944268809 0.94560837373763
4.1535662809 0.94607855963201
4.1129056809 0.9402637064276
4.0724450809 0.94280361578901
4.0321844809 0.94457953649564
3.9921238809 0.94357041624177
3.9522632809 0.94692671173412
3.9126026809 0.94301158554785
3.8731420809 0.94617762522723
3.8338814809 0.94110672099802
3.7948208809 0.944276664257
3.7559602809 0.94575455469091
3.7172996809 0.94359935099967
3.6788390809 0.94403425422792
3.6405784809 0.94519610983912
3.6025178809 0.94386328731369
3.5646572809 0.94371449786004
3.5269966809 0.94530212341815
3.4895360809 0.94760794952097
3.4522754809 0.94459435570647
3.4152148809 0.94770163816048
3.3783542809 0.94452028985404
3.3416936809 0.94282211343546
3.3052330809 0.94639399852027
3.2689724809 0.94448787404405
3.2329118809 0.94492518328511
3.1970512809 0.94465831837778
3.1613906809 0.94466463353179
3.1259300809 0.94505306356827
3.0906694809 0.94365865925581
3.0556088809 0.94444287095299
3.0207482809001 0.9443735143095
2.9860876809 0.94531174931789
2.9516270809 0.94345217688473
2.9173664809 0.94544845966416
2.8833058809001 0.94533219933541
2.8494452809001 0.94100080956443
2.8157846809 0.94400589319515
2.7823240809001 0.94513601401318
2.7490634809001 0.94503180751161
2.7160028809001 0.94415864948152
2.6831422809 0.94515028415845
2.6504816809001 0.94349726491335
2.6180210809001 0.94439612649199
2.5857604809001 0.94317164997118
2.5536998809 0.94436076965672
2.5218392809001 0.94421697619747
2.4901786809001 0.94469908617305
2.4587180809001 0.94506238619171
2.4274574809 0.94541215525622
2.3963968809001 0.94502150637982
2.3655362809001 0.94467927931372
2.3348756809001 0.94400191216629
2.3044150809 0.94576881984267
2.2741544809001 0.94445863007227
2.2440938809001 0.94298171331749
2.2142332809001 0.94435720890419
2.1845726809 0.94441698482526
2.1551120809001 0.94610282396345
2.1258514809001 0.94383341463852
2.0967908809001 0.94437154805769
2.0679302809 0.94474842434115
2.0392696809 0.94298277168435
2.0108090809001 0.94388785823805
1.9825484809 0.94552693425326
1.9544878809 0.94477598777251
1.9266272809 0.94606454640413
1.8989666809 0.9453397951523
1.8715060809 0.94506939772075
1.8442454809 0.94503749055021
1.8171848809 0.94286818167356
1.8037295809 0.94372574656355
1.7903242809 0.94379450921639
1.7769689809 0.94316182599232
1.7636636809 0.94494807259839
1.7504083809 0.94395498042664
1.7372030809 0.94389887078856
1.7240477809 0.94526091731188
1.7109424809 0.94380720073889
1.6978871809001 0.94479101969901
1.6848818809001 0.94444368951971
1.6719265809001 0.94347318538164
1.6590212809001 0.94355176329909
1.6461659809001 0.94379304949746
1.6333606809001 0.94240991222299
1.6206053809001 0.94165275657197
1.6079000809001 0.94451748922255
1.5952447809001 0.94278168928803
1.5826394809001 0.94321989518733
1.5700841809001 0.94437266304358
1.5575788809001 0.94283053302866
1.5451235809001 0.94354516591243
1.5327182809001 0.94276275283537
1.5203629809001 0.94340195364127
1.5080576809001 0.94344540934411
1.4958023809001 0.94209373455037
1.4835970809001 0.94310337756611
1.4714417809001 0.94383425873162
1.4593364809001 0.94451905385054
1.4472811809001 0.94524683758826
1.4352758809001 0.94387617172866
1.4233205809001 0.9441483207754
1.4114152809001 0.94417754348034
1.3995599809001 0.9439948097572
1.3877546809001 0.94407840737886
1.3759993809001 0.94362322343797
1.3642940809001 0.9449441877834
1.3526387809001 0.94310033720694
1.3410334809001 0.94400040337738
1.3294781809001 0.94391887261359
1.3179728809001 0.94373975326001
1.3065175809001 0.94368850306104
1.2951122809001 0.94443861393759
1.2837569809001 0.944471564661
1.2724516809001 0.94357636435799
1.2611963809001 0.94452510401262
